//人工生命体技能树
//CLass,技能编号,最高等级,Prerequisite Skill-ID-1,Prerequisite Skill-ID-1-Lv,PrereqSkill-ID-2,PrereqSkill-ID-2-Lv,PrereqSkill-ID-3,PrereqSkill-ID-3-Lv,PrereqSkill-ID-4,PrereqSkill-ID-4-Lv,PrereqSkill-ID-5,PrereqSkill-ID-5-Lv//CLASS_SKILLNAME#Skill Name#
//丽芙
6001,8001,5,0,0,0,0,0,0,0,0,0,0 //治愈之手
6001,8002,5,8001,3,0,0,0,0,0,0,0,0 //轻捷移动
6001,8003,5,8001,5,0,0,0,0,0,0,0,0 //脑手术
///艾咪斯可鲁
6002,8005,5,0,0,0,0,0,0,0,0,0,0 //位置互换
6002,8006,5,8005,5,0,0,0,0,0,0,0,0 //防御力
6002,8007,5,8006,3,0,0,0,0,0,0,0,0 //活命之肤
//飞里乐
6003,8009,5,0,0,0,0,0,0,0,0,0,0 //月光
6003,8010,5,8009,3,0,0,0,0,0,0,0,0 //横越速度
6003,8011,5,8010,3,0,0,0,0,0,0,0,0 //紧急回避
//巴尼米乐斯
6004,8013,5,0,0,0,0,0,0,0,0,0,0 //善变,
6004,8014,5,8013,3,0,0,0,0,0,0,0,0 //混乱的祈福
6004,8015,5,8013,5,0,0,0,0,0,0,0,0 //变更指示
//丽芙2
6005,8001,5,0,0,0,0,0,0,0,0,0,0 //治愈之手
6005,8002,5,8001,3,0,0,0,0,0,0,0,0 //轻捷移动
6005,8003,5,8001,5,0,0,0,0,0,0,0,0 //脑手术
//艾咪斯可鲁2
6006,8005,5,0,0,0,0,0,0,0,0,0,0 //位置互换
6006,8006,5,8005,5,0,0,0,0,0,0,0,0 //防御力
6006,8007,5,8006,3,0,0,0,0,0,0,0,0 //活命之肤
//飞里乐2
6007,8009,5,0,0,0,0,0,0,0,0,0,0 //月光
6007,8010,5,8009,3,0,0,0,0,0,0,0,0 //横越速度
6007,8011,5,8010,3,0,0,0,0,0,0,0,0 //紧急回避
//巴尼米乐斯2
6008,8013,5,0,0,0,0,0,0,0,0,0,0 //善变
6008,8014,5,8013,3,0,0,0,0,0,0,0,0 //混乱的祈福
6008,8015,5,8013,5,0,0,0,0,0,0,0,0 //变更指示
//丽芙_H
6009,8001,5,0,0,0,0,0,0,0,0,0,0 //治愈之手
6009,8002,5,8001,3,0,0,0,0,0,0,0,0 //轻捷移动
6009,8003,5,8001,5,0,0,0,0,0,0,0,0 //脑手术
6009,8004,3,0,0,0,0,0,0,0,0,0,0 //智力变换
//艾咪斯可鲁_H
6010,8005,5,0,0,0,0,0,0,0,0,0,0 //位置互换
6010,8006,5,8005,5,0,0,0,0,0,0,0,0 //防御力
6010,8007,5,8006,3,0,0,0,0,0,0,0,0 //活命之肤
6010,8008,3,0,0,0,0,0,0,0,0,0,0 //血的贪求
//飞里乐_H
6011,8009,5,0,0,0,0,0,0,0,0,0,0 //月光
6011,8010,5,8009,3,0,0,0,0,0,0,0,0 //横越速度
6011,8011,5,8010,3,0,0,0,0,0,0,0,0 //紧急回避
6011,8012,3,0,0,0,0,0,0,0,0,0,0 //HFLI_SBR44
//巴尼米乐斯_H
6012,8013,5,0,0,0,0,0,0,0,0,0,0 //善变,
6012,8014,5,8013,3,0,0,0,0,0,0,0,0 //混乱的祈福
6012,8015,5,8013,5,0,0,0,0,0,0,0,0 //变更指示
6012,8016,3,0,0,0,0,0,0,0,0,0,0 //生物爆炸
//丽芙2_H
6013,8001,5,0,0,0,0,0,0,0,0,0,0 //治愈之手
6013,8002,5,8001,3,0,0,0,0,0,0,0,0 //轻捷移动
6013,8003,5,8001,5,0,0,0,0,0,0,0,0 //脑手术
6013,8004,3,0,0,0,0,0,0,0,0,0,0 //智力变换
//艾咪斯可鲁2_H
6014,8005,5,0,0,0,0,0,0,0,0,0,0 //位置互换
6014,8006,5,8005,5,0,0,0,0,0,0,0,0 //防御力
6014,8007,5,8006,3,0,0,0,0,0,0,0,0 //活命之肤
6014,8008,3,0,0,0,0,0,0,0,0,0,0 //血的贪求
//飞里乐2_H
6015,8009,5,0,0,0,0,0,0,0,0,0,0 //月光
6015,8010,5,8009,3,0,0,0,0,0,0,0,0 //横越速度
6015,8011,5,8010,3,0,0,0,0,0,0,0,0 //紧急回避
6015,8012,3,0,0,0,0,0,0,0,0,0,0 //HFLI_SBR44
//巴尼米乐斯2_H
6016,8013,5,0,0,0,0,0,0,0,0,0,0 //善变,
6016,8014,5,8013,3,0,0,0,0,0,0,0,0 //混乱的祈福
6016,8015,5,8013,5,0,0,0,0,0,0,0,0 //变更指示
6016,8016,3,0,0,0,0,0,0,0,0,0,0 //生物爆炸
//Eira
6048,8022,5,128,0,0,0,0,0,0,0,0,0,0 //MH_LIGHT_OF_REGENE
6048,8023,5,114,0,0,0,0,0,0,0,0,0,0 //MH_OVERED_BOOST
6048,8024,5,106,0,0,0,0,0,0,0,0,0,0 //MH_ERASER_CUTTER
6048,8025,5,121,0,0,0,0,0,0,0,0,0,0 //MH_XENO_SLASHER
6048,8026,5,137,0,0,0,0,0,0,0,0,0,0 //MH_SILENT_BREEZE
//Bayeri
6049,8031,5,105,0,0,0,0,0,0,0,0,0,0 //MH_STAHL_HORN
6049,8032,5,112,0,0,0,0,0,0,0,0,0,0 //MH_GOLDENE_FERSE
6049,8033,5,121,0,0,0,0,0,0,0,0,0,0 //MH_STEINWAND
6049,8034,5,138,0,0,0,0,0,0,0,0,0,0 //MH_HEILIGE_STANGE
6049,8035,5,130,0,0,0,0,0,0,0,0,0,0 //MH_ANGRIFFS_MODUS
//Sera
6050,8018,5,132,0,0,0,0,0,0,0,0,0,0 //MH_SUMMON_LEGION
6050,8019,5,105,0,0,0,0,0,0,0,0,0,0 //MH_NEEDLE_OF_PARALYZE
6050,8020,5,116,0,0,0,0,0,0,0,0,0,0 //MH_POISON_MIST
6050,8021,5,123,0,0,0,0,0,0,0,0,0,0 //MH_PAIN_KILLER
//Dieter
6051,8039,5,122,0,0,0,0,0,0,0,0,0,0 //MH_MAGMA_FLOW
6051,8040,5,116,0,0,0,0,0,0,0,0,0,0 //MH_GRANITIC_ARMOR
6051,8041,5,109,0,0,0,0,0,0,0,0,0,0 //MH_LAVA_SLIDE
6051,8042,5,131,0,0,0,0,0,0,0,0,0,0 //MH_PYROCLASTIC
6051,8043,5,102,0,0,0,0,0,0,0,0,0,0 //MH_VOLCANIC_ASH
//Eleanor
6052,8027,1,100,0,0,0,0,0,0,0,0,0,0 //MH_STYLE_CHANGE
6052,8028,5,100,0,0,0,0,0,0,0,0,0,0 //MH_SONIC_CRAW
6052,8029,5,114,0,0,0,0,0,0,0,0,0,0 //MH_SILVERVEIN_RUSH
6052,8030,5,128,0,0,0,0,0,0,0,0,0,0 //MH_MIDNIGHT_FRENZY
6052,8036,5,100,0,0,0,0,0,0,0,0,0,0 //MH_TINDER_BREAKER
6052,8037,5,112,0,0,0,0,0,0,0,0,0,0 //MH_CBC
6052,8038,5,133,0,0,0,0,0,0,0,0,0,0 //MH_EQC
