// 卡册开出卡片机率设定
//
// 档案资料:
// 群组编号,档案编号,机率

3,4001,15	// 波利卡片
3,4002,17	// 绿棉虫卡片
3,4003,6	// 虫蛹卡片
3,4004,18	// 土波利卡片
3,4005,2	// 圣诞波利卡片
3,4006,14	// 疯兔卡片
3,4007,4	// 大嘴鸟蛋卡片
3,4008,10	// 小鸡卡片
3,4009,10	// 苍蝇卡片
3,4010,10	// 树精卡片
3,4011,10	// 蛋壳小鸡卡片
3,4012,8	// 盗虫卵卡片
3,4013,7	// 蚁卵卡片
3,4014,5	// 罗达蛙卡片
3,4015,7	// 秃鹰卡片
3,4016,7	// 盗虫卡片
3,4017,5	// 小野猪卡片
3,4019,5	// 蜂兵卡片
3,4020,5	// 吸血蝙蝠卡片
3,4021,5	// 摇滚蝗虫卡片
3,4022,5	// 魔菇卡片
3,4023,5	// 沙漠幼狼卡片
3,4024,5	// 漂浮虫卡片
3,4025,5	// 邪骸战士卡片
3,4026,3	// 浮勒盗虫卡片
3,4027,3	// 库克雷卡片
3,4028,3	// 白鼠卡片
3,4029,3	// 狼卡片
3,4030,3	// 曼陀萝魔花卡片
3,4031,3	// 大嘴鸟卡片
3,4032,3	// 蜗牛卡片
3,4033,3	// 波波利卡片
3,4034,3	// 森灵卡片
3,4035,3	// 海葵卡片
3,4036,3	// 摩卡卡片
3,4037,3	// 青蛇卡片
3,4038,3	//腐尸卡片
3,4039,3	//瓢虫卡片
3,4040,3	//克瑞米卡片
3,4041,3	//松鼠卡片
3,4042,3	//绿苍蝇卡片
3,4043,3	//白蚁卡片
3,4044,3	//狸猫卡片
3,4045,3	//锹形虫卡片
3,4046,3	//土拨鼠卡片
3,4048,3	//毒魔菇卡片
3,4049,3	//螃蟹卡片
3,4050,3	//玛勒盗虫卡片
3,4051,3	//溜溜猴卡片
3,4052,3	//长老树精卡片
3,4053,1	//黑蚁卡片
3,4055,3	//水母卡片
3,4056,3	//猎蝇卡片
3,4057,2	//重金属蝗虫卡片
3,4058,2	//突变蛙卡片
3,4060,2	//哥布灵卡片
3,4061,2	//卡那多斯卡片
3,4062,2	//黄蛇卡片
3,4063,2	//刺猬虫卡片
3,4064,2	//杰洛米卡片
3,4065,2	//卡浩卡片
3,4066,2	//兽人战士卡片
3,4067,2	//邪骸食人鱼卡片
3,4068,2	//蝎子卡片
3,4069,2	//红蝙蝠卡片
3,4070,2	//转转蛋卡片
3,4071,2	//兽人腐尸卡片
3,4072,2	//巨石怪卡片
3,4073,2	//邪骸海盗卡片
3,4074,2	//大脚熊卡片
3,4075,2	//艾斯蜘蛛卡片
3,4076,2	//魔锅蛋卡片
3,4077,2	//剑鱼卡片
3,4078,2	//野猪卡片
3,4079,2	//螳螂卡片
3,4080,2	//噬人花卡片
3,4081,2	//蚯蚓卡片
3,4082,1	//沙漠之狼卡片
3,4083,1	//草精卡片
3,4084,1	//气泡虫卡片
3,4085,1	//邪骸兽人卡片
3,4086,1	//邪骸士兵卡片
3,4087,1	//基尔瑟卡片
3,4088,1	//伞蜥卡片
3,4089,1	//异变鱼卡片
3,4090,1	//僵尸卡片
3,4091,1	//犬妖卡片
3,4092,1	//邪骸矿工卡片
3,4093,1	//人鱼卡片
3,4094,1	//邪骸弓箭手卡片
3,4095,1	//乌贼卡片
3,4096,1	//兹诺克卡片
3,4097,1	//黑狐卡片
3,4098,1	//土人卡片
3,4099,1	//帕莎纳卡片
3,4100,1	//鬼女卡片
3,4101,1	//泥人卡片
3,4102,1	//白幽灵卡片
3,4103,1	//鬼火卡片
3,4104,1	//诺可伊卡片
3,4105,1	//马克卡片
3,4106,1	//木乃伊卡片
3,4107,1	//木乃伊犬卡片
3,4108,1	//麦斯特卡片
3,4109,1	//南瓜先生卡片
3,4110,1	//绿腐尸卡片
3,4111,1	//海神卡片
3,4112,1	//马尔杜克卡片
3,4113,1	//傀儡娃娃卡片
3,4114,1	//艾吉欧蜈蚣卡片
3,4115,1	//赤苍蝇卡片
3,4116,1	//蛇女伊丝卡片
3,4117,1	//黑蛇卡片
3,4118,1	//毕帝特地龙卡片
3,4119,1	//巫婆卡片
3,4120,1	//毕帝特飞龙卡片
3,4122,1	//小恶魔卡片
3,4125,1	//狄奥斯卡片
3,4127,1	//梦魇卡片
3,4129,1	//小巴风特卡片
3,4133,1	//幽灵剑士卡片
3,4136,1	//卡利斯格卡片
3,4141,1	//神官卡片
3,4149,1	//蝙蝠弓箭手卡片
3,4150,1	//魔羌卡片
3,4151,1	//狂暴鬼火卡片
3,4152,1	//啤酒企鹅卡片
3,4153,1	//卡拉蟹卡片
3,4154,1	//元宵童子卡片
3,4156,1	//喷射哥布灵卡片
3,4157,1	//弓箭哥布灵卡片
3,4158,1	//七彩飞龙卡片
3,4159,1	//九尾狐卡片
3,4160,1	//武士火枪兵卡片
3,4161,1	//七彩大嘴鸟卡片
3,4162,1	//暴焰野熊卡片
3,4164,1	//狂暴野猪卡片
3,4165,1	//沙漠毒蝎卡片
3,4166,1	//七彩梦魇卡片
3,4167,1	//奈利虫卡片
3,4170,1	//镜妖卡片
3,4172,1	//纸妖卡片
3,4173,1	//天邪鬼卡片
3,4175,1	//牛蛙卡片
3,4176,1	//无颅武士卡片
3,4177,1	//森林妖姬卡片
3,4178,1	//刺尾蜻蜓卡片
3,4180,1	//爆钻伞蜥卡片
3,4181,1	//假面鬼卡片
3,4182,1	//赤焰小恶魔卡片
3,4184,1	//熔岩巨石卡片
3,4185,1	//飞行魔书卡片
3,4186,1	//奈吉鸟卡片
3,4187,1	//幽灵弓箭手卡片
3,4188,1	//狂暴大脚熊卡片
3,4189,1	//狂暴恶灵卡片
3,4190,1	//恶灵卡片
3,4191,1	//银月魔女卡片
3,4192,1	//直升机哥布灵卡片
3,4193,1	//南瓜魂卡片
3,4194,1	//瑞比欧卡片
3,4195,1	//群叶猫卡片
3,4196,1	//冰波利卡片
3,4199,1	//人鱼士兵卡片
3,4200,1	//邪恶摩艾卡片
3,4201,1	//狂暴米诺斯卡片
3,4202,1	//狐仙卡片
3,4204,1	//狂暴小恶魔卡片
3,4205,1	//邪恶箱卡片
3,4206,1	//邪恶礼盒卡片
3,4208,1	//米雅毕卡片
3,4209,1	//薇欧莉卡片
3,4210,1	//邪骸浪人卡片
3,4212,1	//妖道卡片
3,4213,1	//伊特瓢虫卡片
3,4214,1	//嗜血怪人卡片
3,4215,1	//火焰妖卡片
3,4216,1	//雪熊卡片
3,4217,1	//猴桃木卡片
3,4218,1	//恶魔女仆卡片
3,4219,1	//贤者虫卡片
3,4220,1	//岩石龟卡片
3,4221,1	//邪骸战士长卡片
3,4222,1	//邪骸战俘卡片
3,4223,1	//钟乳巨石怪卡片
3,4224,1	//灰森灵卡片
3,4225,1	//石炮火树卡片
3,4226,1	//史汀卡片
3,4227,1	//弹簧兔卡片
3,4228,1	//沙妖卡片
3,4229,1	//钟塔守护者卡片
3,4230,1	//火忍西怒毕卡片
3,4231,1	//米糕卡片
3,4232,1	//人参精卡片
3,4233,1	//小花豹卡片
3,4234,1	//虎蜥人卡片
3,4235,1	//XMAS甜饼人卡片
3,4237,1	//^袅首领卡片
3,4238,1	//^袅男爵_卡片
3,4239,1	//铁蝎卡片
3,4240,1	//卷甲虫卡片
3,4242,1	//阿修罗机械战士卡片
3,4244,1	//钟怪卡片
3,4245,1	//狂暴小土人卡片
3,4246,1	//风灵龟卡片
3,4247,1	//海星卡片
3,4248,1	//狂暴木乃伊卡片
3,4249,1	//狂暴蜈蚣卡片
3,4251,1	//邪灵魔导士卡片
3,4252,1	//鳄鱼人卡片
3,4253,1	//爱丽丝女仆卡片
3,4255,1	//兽人女战士卡片
3,4256,1	//兽人弓箭手卡片
3,4257,1	//狂暴野猫卡片
3,4258,1	//妖仙女卡片
3,4259,1	//机木人卡片
3,4260,1	//伍坦弹弓手卡片
3,4261,1	//伍坦战士卡片
3,4262,1	//恶云仙人卡片
3,4264,1	//风魔巫师卡片
3,4265,1	//豹皮怪卡片
3,4267,1	//爆炎蝙蝠卡片
3,4268,1	//邪恶使者卡片
3,4269,1	//恶魔侍者卡片
3,4270,1	//狂暴蜘蛛卡片
3,4271,1	//狂暴蜂兵卡片
3,4272,1	//舞狮卡片
3,4273,1	//贝壳魔灵卡片
3,4274,1	//腐尸首领卡片
3,4275,1	//腐尸战俘卡片
3,4277,1	//艾斯恩魔女卡片
3,4278,1	//鬼娃树卡片
3,4279,1	//七彩地龙卡片
3,4280,1	//邪恶向日葵卡片
3,4281,1	//拉链熊卡片
3,4282,1	//天狗卡片
3,4283,1	//将军魔碑卡片
3,4284,1	//魔灵娃娃卡片
3,4285,1	//巧克猴卡片
3,4286,1	//伞妖卡片
3,4287,1	//钓鱼河童卡片
3,4288,1	//卡拉特小丑卡片
3,4289,1	//狂暴绿绵虫卡片
3,4290,1	//狂暴月夜猫卡片
3,4292,1	//犬妖弓箭手卡片
3,4293,1	//甜饼人卡片
3,4294,1	//万圣魔卡片
3,4295,1	//克莱本卡片
3,4296,1	//蓝鼠卡片
3,4297,1	//玩具士兵卡片
3,4298,1	//狂暴克瑞米卡片
3,4299,1	//古钟魔卡片
3,4300,1	//凯美拉卡片
3,4301,1	//狂暴螳螂卡片
3,4304,1	//塔噜安卡片
3,4307,1	//巨象甲虫卡片
3,4308,1	//三叶虫卡片
3,4309,1	//苗娃佩瑞丝卡片
3,4310,1	//狂暴哥布灵卡片
3,4311,1	//果树龟卡片
3,4312,1	//海豹宝宝卡片
3,4313,1	//朽魔卡片
3,4314,1	//梅纳海葵卡片
3,4315,1	//单眼虫卡片
3,4316,1	//伪天使卡片
3,4319,1	//水灵龟卡片
3,4321,1	//兔斯拉卡片
3,4322,1	//兽人战士长卡片
3,4323,1	//卡仑宝宝卡片
3,4325,1	//鸟人哈比卡片
3,4326,1	//海獭卡片
3,4327,1	//血蝴蝶卡片
3,4328,1	//妖君卡片
3,4329,1	//阿修罗狂战士卡片
3,4331,1	//火焰龟卡片
3,4332,1	//废铁暖炉卡片
3,4333,3	//毒液魔卡片
3,4334,1	//废气魔卡片
3,4335,3	//矿工魔卡片
3,4336,1	//温古力安特卡片
3,4337,1	//三叶铁甲虫卡片
3,4338,1	//黑曜石卡片
3,4339,1	//矿石魔卡片
3,4340,1	//玩偶熊卡片
3,4341,1	//金属波利卡片
3,4343,1	//摩尔卡片
3,4344,3	//疟蚊卡片
3,4345,3	//希尔士兵卡片
3,4346,1	//●剑士卡片
3,4347,3	//●商人卡片
3,4348,1	//●盗贼卡片
3,4349,1	//●服事卡片
3,4350,3	//●魔法师卡片
3,4351,1	//●弓箭手卡片
3,4353,1	//消防魔卡片
3,4354,1	//双子星-S58卡片
3,4355,3	//小妖精卡片
3,4356,1	//恶魔之眼卡片
3,4358,1	//●骑士领主卡片
3,4360,3	//●十字刺客卡片
3,4362,1	//●神工匠卡片
3,4366,1	//●超魔导师卡片
3,4368,1	//●神射手卡片
3,4369,1	//红凡娜图卡片
3,4370,1	//迪靡克卡片
3,4371,1	//阿克坦卡片
3,4373,1	//小青卡片
3,4375,1	//兽人婴儿卡片
3,4377,3	//绿变色龙卡片
3,4378,1	//俄希托斯卡片
3,4379,1	//灰俄希托斯卡片
3,4380,3	//红贝勒斯卡片
3,4381,1	//绿贝勒斯卡片
3,4382,1	//黄诺博斯卡片
3,4383,3	//诺博斯卡片
3,4384,1	//三头龙卡片
3,4385,3	//龙蛋卡片
3,4387,1	//狂暴邪恶箱卡片
3,4388,3	//死亡魔书 卡片
3,4389,1	//黄色等离子体 卡片
3,4390,1	//微风卡片
3,4391,3	//代行刑者卡片
3,4392,1	//监视者卡片
3,4393,1	//安息者卡片
3,4394,1	//慰劳者卡片
3,4395,1	//达纳托斯的悲哀卡片
3,4396,1	//达纳托斯的憎恨卡片
3,4397,1	//达纳托斯的绝望卡片
3,4400,1	//爱丽莎卡片
3,4401,1	//爱丽瑟卡片
3,4402,1	//爱丽俄卡片
3,4404,1	//皮影魔卡片
3,4405,1	//彩色皮影魔卡片
3,4409,1	//阿卡布卡片
3,4410,1	//埃奇欧卡片
3,4411,1	//潘贝勒克卡片
3,4412,1	//伊西拉卡片
3,4413,1	//异型卡片
3,4414,1	//红恶魔之眼卡片
3,4415,2	//雪兽卡片
3,4416,1	//小雪兽卡片
3,4417,1	//冰巨人卡片
3,4418,1	//盖俄斯提卡片
3,4420,1	//吃人草卡片
3,4421,2	// 捕虫草卡片
3,4422,1	//土狼卡片
3,4423,1	//迦利卡片
3,4424,3	// 石头波利卡片
3,4426,1	//漂流浪人卡片
3,4427,1	//剑士监护人魔物卡片
3,4428,1	//弓箭手监护人魔物卡片
3,4429,1	//火蜥v卡片
3,4431,1	//火鸟卡片
3,4432,2	// 岩浆波利卡片
3,4433,1	//炙焰魔卡片
3,4434,1	//矿坑小精灵卡片
3,4435,1	//屠杀腐尸卡片
3,4436,2	// 褴褛腐尸卡片
3,4437,2	// 地狱贵宾狗卡片
3,4438,2	// 恶耗女妖卡片
3,4439,1	//火焰骷髅头卡片
3,4440,1	//行妖术者卡片
3,4442,1	//塔塔丘卡片
3,4443,2	//水精灵卡片
3,4444,2	//暴躁龙卡片
3,4445,1	//鲁修拉黄蜂卡片
3,4447,1	//突变蜈蚣幼虫卡片
3,4448,1	//独角飞马卡片
3,4449,1	//独角飞马卡片
3,4451,1	//骷髅触角魔卡片
3,4452,2	//突变蜈蚣幼虫卡片
3,4453,1	//三角幼狮兽卡片