// 礼物箱开出物品资料
//
// 结构:
// 群组编号,物品编号,机率

// 礼物箱子
4,501,1	//红色药水
4,502,1	//赤色药水
4,503,1	//黄色药水
4,504,1	//白色药水
4,505,1	//蓝色药水
4,506,1	//绿色药水
4,526,1	//蜂胶
4,529,1	//糖果
4,530,1	//收忍
4,537,1	//宠物饲料
4,538,1	//姜饼
4,539,1	//小蛋糕
4,603,1	//神秘箱子
4,617,1	//神秘紫箱
4,644,19	//礼物箱
4,706,1	//四叶幸运草
4,714,1	//华丽金属
4,718,1	//深红宝石
4,719,1	//紫宝石
4,720,1	//天蓝宝石
4,721,1	//绿宝石
4,722,1	//珍珠
4,723,1	//红宝石
4,724,1	//诅咒红宝石
4,725,1	//大红宝石
4,726,1	//蓝宝石
4,727,1	//白宝石
4,728,1	//黄宝石
4,729,1	//青绿宝石
4,730,1	//1克拉钻石
4,731,1	//2克拉钻石
4,732,1	//3克拉钻石
4,733,1	//受损的钻石
4,734,1	//红色相框
4,735,1	//蓝色陶瓷器
4,736,1	//白色盘子
4,737,1	//黑色杓子
4,738,1	//笔筒
4,739,1	//化妆品
4,740,1	//疯兔娃娃
4,741,1	//波利娃娃
4,742,1	//苍蝇娃娃
4,743,1	//魔菇娃娃
4,744,1	//花束
4,745,1	//捧花
4,746,1	//玻璃珠
4,747,1	//水晶镜子
4,748,1	//永恒玫瑰
4,749,1	//冰雕玫瑰
4,750,1	//巴风特娃娃
4,751,1	//俄塞里斯娃娃
4,752,1	//摇滚蝗虫娃娃
4,753,1	//溜溜猴娃娃
4,754,1	//狸猫娃娃
4,756,5	//神之金属原石
4,757,2	//铝原石
4,969,1	//黄金
4,975,1	//红色染料
4,976,1	//黄色染料
4,978,1	//蓝色染料
4,979,1	//绿色染料
4,980,1	//赤色染料
4,981,1	//紫色染料
4,982,1	//白色染料
4,983,1	//黑色染料
4,984,2	//神之金属
4,985,1	//铝
4,994,1	//火灵原石
4,995,1	//水灵原石
4,996,1	//风灵原石
4,997,1	//土灵原石
4,999,1	//钢铁
4,1000,1	// 星星的角
4,1558,1	// 日记本
4,4005,1	//圣诞波利卡片
4,7034,1	//破洞圣诞袜
// 礼盒
28,501,1	//红色药水
28,502,1	//赤色药水
28,503,1	//黄色药水
28,504,1	//白色药水
28,505,1	//蓝色药水
28,506,1	//绿色药水
28,526,1	//蜂胶
28,529,1	//糖果
28,530,1	//收忍
28,537,1	//宠物饲料
28,538,1	//姜饼
28,539,1	//小蛋糕
28,603,1	//神秘箱子
28,617,1	//神秘紫箱
28,644,19	//礼物箱
28,706,1	//四叶幸运草
28,714,1	//华丽金属
28,718,1	//深红宝石
28,719,1	//紫宝石
28,720,1	//天蓝宝石
28,721,1	//绿宝石
28,722,1	//珍珠
28,723,1	//红宝石
28,724,1	//诅咒红宝石
28,725,1	//大红宝石
28,726,1	//蓝宝石
28,727,1	//白宝石
28,728,1	//黄宝石
28,729,1	//青绿宝石
28,730,1	//1克拉钻石
28,731,1	//2克拉钻石
28,732,1	//3克拉钻石
28,733,1	//受损的钻石
28,734,1	//红色相框
28,735,1	//蓝色陶瓷器
28,736,1	//白色盘子
28,737,1	//黑色杓子
28,738,1	//笔筒
28,739,1	//化妆品
28,740,1	//疯兔娃娃
28,741,1	//波利娃娃
28,742,1	//苍蝇娃娃
28,743,1	//魔菇娃娃
28,744,1	//花束
28,745,1	//捧花
28,746,1	//玻璃珠
28,747,1	//水晶镜子
28,748,1	//永恒玫瑰
28,749,1	//冰雕玫瑰
28,750,1	//巴风特娃娃
28,751,1	//俄塞里斯娃娃
28,752,1	//摇滚蝗虫娃娃
28,753,1	//溜溜猴娃娃
28,754,1	//狸猫娃娃
28,756,5	//神之金属原石
28,757,2	//铝原石
28,969,1	//黄金
28,975,1	//红色染料
28,976,1	//黄色染料
28,978,1	//蓝色染料
28,979,1	//绿色染料
28,980,1	//赤色染料
28,981,1	//紫色染料
28,982,1	//白色染料
28,983,1	//黑色染料
28,984,2	//神之金属
28,985,1	//铝
28,994,1	//火灵原石
28,995,1	//水灵原石
28,996,1	//风灵原石
28,997,1	//土灵原石
28,999,1	//钢铁
28,1000,1	//星星的角
28,1558,1	//日记本
28,4005,1	//圣诞波利卡片
28,7034,1	//破洞圣诞袜
// 礼盒_2
29,501,1	//红色药水
29,502,1	//赤色药水
29,503,1	//黄色药水
29,504,1	//白色药水
29,505,1	//蓝色药水
29,506,1	//绿色药水
29,526,1	//蜂胶
29,529,1	//糖果
29,530,1	//收忍
29,537,1	//宠物饲料
29,538,1	//姜饼
29,539,1	//小蛋糕
29,603,1	//神秘箱子
29,617,1	//神秘紫箱
29,644,19	//礼物箱
29,706,1	//四叶幸运草
29,714,1	//华丽金属
29,718,1	//深红宝石
29,719,1	//紫宝石
29,720,1	//天蓝宝石
29,721,1	//绿宝石
29,722,1	//珍珠
29,723,1	//红宝石
29,724,1	//诅咒红宝石
29,725,1	//大红宝石
29,726,1	//蓝宝石
29,727,1	//白宝石
29,728,1	//黄宝石
29,729,1	//青绿宝石
29,730,1	//1克拉钻石
29,731,1	//2克拉钻石
29,732,1	//3克拉钻石
29,733,1	//受损的钻石
29,734,1	//红色相框
29,735,1	//蓝色陶瓷器
29,736,1	//白色盘子
29,737,1	//黑色杓子
29,738,1	//笔筒
29,739,1	//化妆品
29,740,1	//疯兔娃娃
29,741,1	//波利娃娃
29,742,1	//苍蝇娃娃
29,743,1	//魔菇娃娃
29,744,1	//花束
29,745,1	//捧花
29,746,1	//玻璃珠
29,747,1	//水晶镜子
29,748,1	//永恒玫瑰
29,749,1	//冰雕玫瑰
29,750,1	//巴风特娃娃
29,751,1	//俄塞里斯娃娃
29,752,1	//摇滚蝗虫娃娃
29,753,1	//溜溜猴娃娃
29,754,1	//狸猫娃娃
29,756,5	//神之金属原石
29,757,2	//铝原石
29,969,1	//黄金
29,975,1	//红色染料
29,976,1	//黄色染料
29,978,1	//蓝色染料
29,979,1	//绿色染料
29,980,1	//赤色染料
29,981,1	//紫色染料
29,982,1	//白色染料
29,983,1	//黑色染料
29,984,2	//神之金属
29,985,1	//铝
29,994,1	//火灵原石
29,995,1	//水灵原石
29,996,1	//风灵原石
29,997,1	//土灵原石
29,999,1	//钢铁
29,1000,1	//星星的角
29,1558,1	//日记本
29,4005,1	//圣诞波利卡片
29,7034,1	//破洞圣诞袜
// 礼盒3
30,501,1	//红色药水
30,502,1	//赤色药水
30,503,1	//黄色药水
30,504,1	//白色药水
30,505,1	//蓝色药水
30,506,1	//绿色药水
30,526,1	//蜂胶
30,529,1	//糖果
30,530,1	//收忍
30,537,1	//宠物饲料
30,538,1	//姜饼
30,539,1	//小蛋糕
30,603,1	//神秘箱子
30,617,1	//神秘紫箱
30,644,19	//礼物箱
30,706,1	//四叶幸运草
30,714,1	//华丽金属
30,718,1	//深红宝石
30,719,1	//紫宝石
30,720,1	//天蓝宝石
30,721,1	//绿宝石
30,722,1	//珍珠
30,723,1	//红宝石
30,724,1	//诅咒红宝石
30,725,1	//大红宝石
30,726,1	//蓝宝石
30,727,1	//白宝石
30,728,1	//黄宝石
30,729,1	//青绿宝石
30,730,1	//1克拉钻石
30,731,1	//2克拉钻石
30,732,1	//3克拉钻石
30,733,1	//受损的钻石
30,734,1	//红色相框
30,735,1	//蓝色陶瓷器
30,736,1	//白色盘子
30,737,1	//黑色杓子
30,738,1	//笔筒
30,739,1	//化妆品
30,740,1	//疯兔娃娃
30,741,1	//波利娃娃
30,742,1	//苍蝇娃娃
30,743,1	//魔菇娃娃
30,744,1	//花束
30,745,1	//捧花
30,746,1	//玻璃珠
30,747,1	//水晶镜子
30,748,1	//永恒玫瑰
30,749,1	//冰雕玫瑰
30,750,1	//巴风特娃娃
30,751,1	//俄塞里斯娃娃
30,752,1	//摇滚蝗虫娃娃
30,753,1	//溜溜猴娃娃
30,754,1	//狸猫娃娃
30,756,5	//神之金属原石
30,757,2	//铝原石
30,969,1	//黄金
30,975,1	//红色染料
30,976,1	//黄色染料
30,978,1	//蓝色染料
30,979,1	//绿色染料
30,980,1	//赤色染料
30,981,1	//紫色染料
30,982,1	//白色染料
30,983,1	//黑色染料
30,984,2	//神之金属
30,985,1	//铝
30,994,1	//火灵原石
30,995,1	//水灵原石
30,996,1	//风灵原石
30,997,1	//土灵原石
30,999,1	//钢铁
30,1000,1	//星星的角
30,1558,1	//日记本
30,4005,1	//圣诞波利卡片
30,7034,1	//破洞圣诞袜
// 礼盒_4
31,501,1	//红色药水
31,502,1	//赤色药水
31,503,1	//黄色药水
31,504,1	//白色药水
31,505,1	//蓝色药水
31,506,1	//绿色药水
31,526,1	//蜂胶
31,529,1	//糖果
31,530,1	//收忍
31,537,1	//宠物饲料
31,538,1	//姜饼
31,539,1	//小蛋糕
31,603,1	//神秘箱子
31,617,1	//神秘紫箱
31,644,19	//礼物箱
31,706,1	//四叶幸运草
31,714,1	//华丽金属
31,718,1	//深红宝石
31,719,1	//紫宝石
31,720,1	//天蓝宝石
31,721,1	//绿宝石
31,722,1	//珍珠
31,723,1	//红宝石
31,724,1	//诅咒红宝石
31,725,1	//大红宝石
31,726,1	//蓝宝石
31,727,1	//白宝石
31,728,1	//黄宝石
31,729,1	//青绿宝石
31,730,1	//1克拉钻石
31,731,1	//2克拉钻石
31,732,1	//3克拉钻石
31,733,1	//受损的钻石
31,734,1	//红色相框
31,735,1	//蓝色陶瓷器
31,736,1	//白色盘子
31,737,1	//黑色杓子
31,738,1	//笔筒
31,739,1	//化妆品
31,740,1	//疯兔娃娃
31,741,1	//波利娃娃
31,742,1	//苍蝇娃娃
31,743,1	//魔菇娃娃
31,744,1	//花束
31,745,1	//捧花
31,746,1	//玻璃珠
31,747,1	//水晶镜子
31,748,1	//永恒玫瑰
31,749,1	//冰雕玫瑰
31,750,1	//巴风特娃娃
31,751,1	//俄塞里斯娃娃
31,752,1	//摇滚蝗虫娃娃
31,753,1	//溜溜猴娃娃
31,754,1	//狸猫娃娃
31,756,5	//神之金属原石
31,757,2	//铝原石
31,969,1	//黄金
31,975,1	//红色染料
31,976,1	//黄色染料
31,978,1	//蓝色染料
31,979,1	//绿色染料
31,980,1	//赤色染料
31,981,1	//紫色染料
31,982,1	//白色染料
31,983,1	//黑色染料
31,984,2	//神之金属
31,985,1	//铝
31,994,1	//火灵原石
31,995,1	//水灵原石
31,996,1	//风灵原石
31,997,1	//土灵原石
31,999,1	//钢铁
31,1000,1	//星星的角
31,1558,1	//日记本
31,4005,1	//圣诞波利卡片
31,7034,1	//破洞圣诞袜
// GiftBox_China
34,501,1	//红色药水
34,502,1	//赤色药水
34,503,1	//黄色药水
34,504,1	//白色药水
34,505,1	//蓝色药水
34,506,1	//绿色药水
34,518,1	//蜂蜜
34,520,1	//西纳雷叶子
34,521,2	//芦荟叶子
34,525,1	//万能药
34,526,1	//蜂胶
34,529,1	//糖果
34,530,1	//收忍
34,603,40	//神秘箱子
34,604,9	//枯树枝
34,605,1	//曼特疗伤药
34,606,1	//芦荟汁液
34,607,1	//天地树果实
34,608,1	//天地树芽
34,610,1	//天地树叶子
34,612,5	//携带用熔矿炉
34,613,1	//钢铁锤子
34,614,1	//黄金锤子
34,615,1	//神之金属锤子
34,701,1	//欧拉欧拉
34,702,1	//家畜血
34,703,1	//西纳雷花
34,704,1	//芦荟
34,706,1	//四叶幸运草
34,707,1	//哀唱草
34,708,1	//曼特花
34,710,1	//幻想花
34,714,1	//华丽金属
34,715,1	//黄色魔力矿石
34,716,1	//红色魔力矿石
34,717,1	//蓝色魔力矿石
34,718,1	//深红宝石
34,719,1	//紫宝石
34,720,1	//天蓝宝石
34,721,1	//绿宝石
34,722,1	//珍珠
34,723,1	//红宝石
34,724,1	//诅咒红宝石
34,725,1	//大红宝石
34,726,1	//蓝宝石
34,727,1	//白宝石
34,728,1	//黄宝石
34,729,1	//青绿宝石
34,730,1	//1克拉钻石
34,731,1	//2克拉钻石
34,732,1	//3克拉钻石
34,733,1	//受损的钻石
34,734,1	//红色相框
34,735,1	//蓝色陶瓷器
34,736,1	//白色盘子
34,737,1	//黑色杓子
34,738,1	//笔筒
34,740,1	//疯兔娃娃
34,741,1	//波利娃娃
34,742,1	//苍蝇娃娃
34,743,1	//魔菇娃娃
34,745,1	//捧花
34,747,1	//水晶镜子
34,748,1	//永恒玫瑰
34,749,1	//冰雕玫瑰
34,752,1	//摇滚蝗虫娃娃
34,753,1	//溜溜猴娃娃
34,754,1	//狸猫娃娃
34,756,1	//神之金属原石
34,757,1	//铝原石
34,909,1	//杰勒比结晶
34,910,1	//加勒结晶
34,911,1	//雪勒结晶
34,912,1	//刹勒空结晶
34,931,1	//兽人战士之证
34,934,1	//亡者遗物
34,968,1	//兽人英雄之证
34,969,1	//黄金
34,970,1	//酒精
34,971,1	//帝特立米药水
34,972,1	//卡勒波迪药水
34,973,1	//中和剂
34,974,1	//混合剂
34,975,1	//红色染料
34,976,1	//黄色染料
34,978,1	//蓝色染料
34,979,1	//绿色染料
34,980,1	//赤色染料
34,981,1	//紫色染料
34,982,1	//白色染料
34,983,1	//黑色染料
34,984,1	//神之金属
34,985,1	//铝
34,986,1	//铁砧
34,987,1	//神之金属铁砧
34,988,1	//黄金铁砧
34,989,1	//华丽金属铁砧
34,990,1	//火灵矿石
34,991,1	//水灵矿石
34,992,1	//风灵矿石
34,993,1	//地灵矿石
34,994,1	//火灵原石
34,995,1	//水灵原石
34,996,1	//风灵原石
34,997,1	//土灵原石
34,998,1	//铁
34,999,1	//钢铁
34,1000,1	//星星的角
34,1001,1	//星星的粉末
34,1002,1	//铁矿石
34,1003,1	//煤矿
34,1004,1	//忠诚之证
34,1005,1	//高级铁砧
34,1006,1	//古魔法书
34,1007,1	//慧眼
34,1008,1	//泯灭之心
34,1009,1	//神之手
34,1010,1	//强化武器金属-级数一
34,1011,1	//强化武器金属-级数二
34,1065,1	//设置用陷阱道具
34,1102,1	//长剑
34,1105,1	//圆月刀
34,1108,1	//厚刃剑
34,1111,1	//击刺长剑
34,1114,1	//弯刀
34,1117,1	//武士刀
34,1120,1	//日本刀
34,1125,1	//圆柄马刀
34,1127,1	//骑兵之剑
34,1128,1	//海东剑
34,1129,1	//水纹之剑
34,1152,1	//双手剑
34,1155,1	//亚尔特剑
34,1158,1	//双手巨剑
34,1162,1	//双手重剑
34,1163,1	//十字巨剑
34,1202,1	//短剑
34,1205,1	//卡特短剑
34,1208,1	//笨拙短剑
34,1211,1	//德克短剑
34,1214,1	//大驹短剑
34,1217,1	//双刃短剑
34,1220,1	//长柄短剑
34,1226,1	//大马士革短剑
34,1251,1	//拳刃
34,1253,1	//卡塔勒拳刃
34,1255,1	//秘刃 啸
34,1302,1	//斧
34,1352,1	//巨斧
34,1355,1	//钢斧
34,1358,1	//毁灭之斧
34,1361,1	//双手斧
34,1402,1	//长戟
34,1405,1	//长矛
34,1408,1	//步兵长矛
34,1410,1	//骑士长矛
34,1452,1	//弯刃长矛
34,1455,1	//长枪
34,1458,1	//双刃长戟
34,1461,1	//德瑞尹长戟
34,1464,1	//斧锤长矛
34,1502,1	//木锤
34,1505,1	//铁锤
34,1508,1	//思麦斯铁锤
34,1511,1	//流星锤
34,1514,1	//日星锤
34,1517,1	//尖刃铁锤
34,1520,1	//链锤
34,1550,1	//书
34,1551,1	//圣言之书
34,1602,1	//手杖
34,1605,1	//橡木魔杖
34,1608,1	//智慧魔杖
34,1611,1	//言灵魔杖
34,1613,1	//巫杖 魂咬
34,1702,1	//弓
34,1705,1	//坎普兹弓
34,1711,1	//十字弓
34,1713,1	//亚伯雷弓
34,1714,1	//角弓
34,1718,1	//猎人之弓
34,1719,1	//盗贼之弓
34,2102,1	//铁盾
34,2104,1	//圆盾
34,2106,1	//钢盾
34,2108,1	//镜盾
34,2207,1	//花朵头饰
34,2209,1	//紫蝶发带
34,2213,1	//猫耳发圈
34,2215,1	//花发圈
34,2217,1	//圣职之帽
34,2221,1	//渔夫帽
34,2223,1	//圆帽
34,2225,1	//防风皮革眼镜
34,2227,1	//无边帽
34,2229,1	//金属头盔
34,2231,1	//宝石头盔
34,2233,1	//头箍
34,2236,1	//圣诞帽
34,2244,1	//红蝶发带
34,2249,1	//黄金冠冕
34,2250,1	//粉纱发圈
34,2257,1	//兽角头饰
34,2258,1	//尖角发圈
34,2262,1	//小丑鼻子
34,2263,1	//时髦眼罩
34,2265,1	//侍卫口罩
34,2269,1	//花叶
34,2270,1	//草叶
34,2271,1	//眼镜头饰
34,2272,1	//停止标志头饰
34,2273,1	//医师发箍
34,2275,1	//头巾
34,2276,1	//大眼睛眼镜
34,2279,1	//火线头饰
34,2284,1	//鹿角头饰
34,2287,1	//海盗头巾
34,2289,1	//粪便帽
34,2290,1	//葬礼帽
34,2291,1	//蝴蝶假面
34,2293,1	//戏剧头盔
34,2294,1	//星星发夹
34,2295,1	//眼罩
34,2296,1	//望远镜
34,2298,1	//触角头饰
34,2299,1	//兽人头盔
34,2302,1	//棉衬衫
34,2304,1	//皮制外套
34,2306,1	//冒险衣
34,2308,1	//大衣
34,2310,1	//长大衣
34,2311,1	//毛皮大衣
34,2313,1	//铁制铠甲
34,2315,1	//钢铁锁子甲
34,2317,1	//钢铁铠甲
34,2322,1	//丝质外袍
34,2324,1	//圣职之袍
34,2326,1	//圣职之衣
34,2329,1	//木制铠甲
34,2331,1	//紧身便衣
34,2333,1	//秘银之衣
34,2336,1	//盗贼之衣
34,2337,1	//忍服 血樱
34,2338,1	//结婚礼服
34,2339,1	//三角裤
34,2402,1	//轻便鞋
34,2404,1	//长靴
34,2407,1	//玻璃鞋
34,2408,1	//脚链
34,2409,1	//抗魔鞋
34,2502,1	//连帽披肩
34,2504,1	//披肩
34,2506,1	//斗篷
34,2507,1	//伯爵斗篷
34,2508,1	//抗魔斗篷
34,2601,1	//力量戒指
34,2602,1	//智力耳环
34,2603,1	//体力项链
34,2604,1	//防御手套
34,2605,1	//敏捷别针
34,2607,1	//发夹
34,2608,1	//幸运珠链
34,2609,1	//骷髅戒指
34,2610,1	//金戒指
34,2611,1	//银戒指
34,2612,1	//花戒指
34,2613,1	//钻石戒指
34,5008,1	//花冠
34,5009,1	//安全帽
34,5010,1	//印地安发箍
34,5014,1	//剑士头盔
34,5015,1	//蛋壳帽
